0 0 0 0 1.93589684805312934e-3 0.00000000000000000e0
0 0 0 1 -9.18796731793928145e-22 -1.50050893438602904e-5
0 0 0 2 1.50050893438602904e-5 -1.83759346358785629e-21
0 0 0 3 1.50050893438602904e-5 -1.83759346358785629e-21
0 0 0 4 1.50050893438602904e-5 1.83759346358785629e-21
0 0 0 5 1.50050893438602904e-5 1.83759346358785629e-21
0 0 0 6 -9.18796731793928145e-22 1.50050893438602904e-5
0 0 0 7 2.58708854815897715e-21 1.40834541026316558e-5
0 0 0 8 2.58708854815897715e-21 1.40834541026316558e-5
0 0 0 9 -8.62362849386325904e-22 1.40834541026316558e-5
0 0 0 10 -8.62362849386325904e-22 1.40834541026316558e-5
0 0 0 11 -1.40834541026316558e-5 3.44945139754530361e-21
0 0 0 12 -1.40834541026316558e-5 0.00000000000000000e0
0 0 0 13 -1.40834541026316558e-5 0.00000000000000000e0
0 0 0 14 -1.40834541026316558e-5 -3.44945139754530361e-21
0 0 0 15 -8.62362849386325904e-22 -1.40834541026316558e-5
0 0 0 16 -8.62362849386325904e-22 -1.40834541026316558e-5
0 0 0 17 2.58708854815897715e-21 -1.40834541026316558e-5
0 0 0 18 2.58708854815897715e-21 -1.40834541026316558e-5
0 0 0 19 -4.04204799123204697e-21 -1.32023306443826196e-5
0 0 0 20 -8.08409598246409450e-22 -1.32023306443826196e-5
0 0 0 21 -8.08409598246409450e-22 -1.32023306443826196e-5
0 0 0 22 2.42522879473922788e-21 -1.32023306443826196e-5
0 0 0 23 2.42522879473922788e-21 1.32023306443826196e-5
0 0 0 24 -8.08409598246409450e-22 1.32023306443826196e-5
0 0 0 25 -8.08409598246409450e-22 1.32023306443826196e-5
0 0 0 26 -4.04204799123204697e-21 1.32023306443826196e-5
0 0 1 0 0.00000000000000000e0 0.00000000000000000e0
0 0 1 1 0.00000000000000000e0 0.00000000000000000e0
0 0 1 2 0.00000000000000000e0 0.00000000000000000e0
0 0 1 3 0.00000000000000000e0 0.00000000000000000e0
0 0 1 4 0.00000000000000000e0 0.00000000000000000e0
0 0 1 5 0.00000000000000000e0 0.00000000000000000e0
0 0 1 6 0.00000000000000000e0 0.00000000000000000e0
0 0 1 7 0.00000000000000000e0 0.00000000000000000e0
0 0 1 8 0.00000000000000000e0 0.00000000000000000e0
0 0 1 9 0.00000000000000000e0 0.00000000000000000e0
0 0 1 10 0.00000000000000000e0 0.00000000000000000e0
0 0 1 11 0.00000000000000000e0 0.00000000000000000e0
0 0 1 12 0.00000000000000000e0 0.00000000000000000e0
0 0 1 13 0.00000000000000000e0 0.00000000000000000e0
0 0 1 14 0.00000000000000000e0 0.00000000000000000e0
0 0 1 15 0.00000000000000000e0 0.00000000000000000e0
0 0 1 16 0.00000000000000000e0 0.00000000000000000e0
0 0 1 17 0.00000000000000000e0 0.00000000000000000e0
0 0 1 18 0.00000000000000000e0 0.00000000000000000e0
0 0 1 19 0.00000000000000000e0 0.00000000000000000e0
0 0 1 20 0.00000000000000000e0 0.00000000000000000e0
0 0 1 21 0.00000000000000000e0 0.00000000000000000e0
0 0 1 22 0.00000000000000000e0 0.00000000000000000e0
0 0 1 23 0.00000000000000000e0 0.00000000000000000e0
0 0 1 24 0.00000000000000000e0 0.00000000000000000e0
0 0 1 25 0.00000000000000000e0 0.00000000000000000e0
0 0 1 26 0.00000000000000000e0 0.00000000000000000e0
0 0 2 0 0.00000000000000000e0 0.00000000000000000e0
0 0 2 1 0.00000000000000000e0 0.00000000000000000e0
0 0 2 2 0.00000000000000000e0 0.00000000000000000e0
0 0 2 3 0.00000000000000000e0 0.00000000000000000e0
0 0 2 4 0.00000000000000000e0 0.00000000000000000e0
0 0 2 5 0.00000000000000000e0 0.00000000000000000e0
0 0 2 6 0.00000000000000000e0 0.00000000000000000e0
0 0 2 7 0.00000000000000000e0 0.00000000000000000e0
0 0 2 8 0.00000000000000000e0 0.00000000000000000e0
0 0 2 9 0.00000000000000000e0 0.00000000000000000e0
0 0 2 10 0.00000000000000000e0 0.00000000000000000e0
0 0 2 11 0.00000000000000000e0 0.00000000000000000e0
0 0 2 12 0.00000000000000000e0 0.00000000000000000e0
0 0 2 13 0.00000000000000000e0 0.00000000000000000e0
0 0 2 14 0.00000000000000000e0 0.00000000000000000e0
0 0 2 15 0.00000000000000000e0 0.00000000000000000e0
0 0 2 16 0.00000000000000000e0 0.00000000000000000e0
0 0 2 17 0.00000000000000000e0 0.00000000000000000e0
0 0 2 18 0.00000000000000000e0 0.00000000000000000e0
0 0 2 19 0.00000000000000000e0 0.00000000000000000e0
0 0 2 20 0.00000000000000000e0 0.00000000000000000e0
0 0 2 21 0.00000000000000000e0 0.00000000000000000e0
0 0 2 22 0.00000000000000000e0 0.00000000000000000e0
0 0 2 23 0.00000000000000000e0 0.00000000000000000e0
0 0 2 24 0.00000000000000000e0 0.00000000000000000e0
0 0 2 25 0.00000000000000000e0 0.00000000000000000e0
0 0 2 26 0.00000000000000000e0 0.00000000000000000e0
0 0 3 0 0.00000000000000000e0 0.00000000000000000e0
0 0 3 1 0.00000000000000000e0 0.00000000000000000e0
0 0 3 2 0.00000000000000000e0 0.00000000000000000e0
0 0 3 3 0.00000000000000000e0 0.00000000000000000e0
0 0 3 4 0.00000000000000000e0 0.00000000000000000e0
0 0 3 5 0.00000000000000000e0 0.00000000000000000e0
0 0 3 6 0.00000000000000000e0 0.00000000000000000e0
0 0 3 7 0.00000000000000000e0 0.00000000000000000e0
0 0 3 8 0.00000000000000000e0 0.00000000000000000e0
0 0 3 9 0.00000000000000000e0 0.00000000000000000e0
0 0 3 10 0.00000000000000000e0 0.00000000000000000e0
0 0 3 11 0.00000000000000000e0 0.00000000000000000e0
0 0 3 12 0.00000000000000000e0 0.00000000000000000e0
0 0 3 13 0.00000000000000000e0 0.00000000000000000e0
0 0 3 14 0.00000000000000000e0 0.00000000000000000e0
0 0 3 15 0.00000000000000000e0 0.00000000000000000e0
0 0 3 16 0.00000000000000000e0 0.00000000000000000e0
0 0 3 17 0.00000000000000000e0 0.00000000000000000e0
0 0 3 18 0.00000000000000000e0 0.00000000000000000e0
0 0 3 19 0.00000000000000000e0 0.00000000000000000e0
0 0 3 20 0.00000000000000000e0 0.00000000000000000e0
0 0 3 21 0.00000000000000000e0 0.00000000000000000e0
0 0 3 22 0.00000000000000000e0 0.00000000000000000e0
0 0 3 23 0.00000000000000000e0 0.00000000000000000e0
0 0 3 24 0.00000000000000000e0 0.00000000000000000e0
0 0 3 25 0.00000000000000000e0 0.00000000000000000e0
0 0 3 26 0.00000000000000000e0 0.00000000000000000e0
0 1 0 0 0.00000000000000000e0 0.00000000000000000e0
0 1 0 1 0.00000000000000000e0 0.00000000000000000e0
0 1 0 2 0.00000000000000000e0 0.00000000000000000e0
0 1 0 3 0.00000000000000000e0 0.00000000000000000e0
0 1 0 4 0.00000000000000000e0 0.00000000000000000e0
0 1 0 5 0.00000000000000000e0 0.00000000000000000e0
0 1 0 6 0.00000000000000000e0 0.00000000000000000e0
0 1 0 7 0.00000000000000000e0 0.00000000000000000e0
0 1 0 8 0.00000000000000000e0 0.00000000000000000e0
0 1 0 9 0.00000000000000000e0 0.00000000000000000e0
0 1 0 10 0.00000000000000000e0 0.00000000000000000e0
0 1 0 11 0.00000000000000000e0 0.00000000000000000e0
0 1 0 12 0.00000000000000000e0 0.00000000000000000e0
0 1 0 13 0.00000000000000000e0 0.00000000000000000e0
0 1 0 14 0.00000000000000000e0 0.00000000000000000e0
0 1 0 15 0.00000000000000000e0 0.00000000000000000e0
0 1 0 16 0.00000000000000000e0 0.00000000000000000e0
0 1 0 17 0.00000000000000000e0 0.00000000000000000e0
0 1 0 18 0.00000000000000000e0 0.00000000000000000e0
0 1 0 19 0.00000000000000000e0 0.00000000000000000e0
0 1 0 20 0.00000000000000000e0 0.00000000000000000e0
0 1 0 21 0.00000000000000000e0 0.00000000000000000e0
0 1 0 22 0.00000000000000000e0 0.00000000000000000e0
0 1 0 23 0.00000000000000000e0 0.00000000000000000e0
0 1 0 24 0.00000000000000000e0 0.00000000000000000e0
0 1 0 25 0.00000000000000000e0 0.00000000000000000e0
0 1 0 26 0.00000000000000000e0 0.00000000000000000e0
0 1 1 0 1.93589684805312934e-3 0.00000000000000000e0
0 1 1 1 -9.18796731793928145e-22 -1.50050893438602904e-5
0 1 1 2 1.50050893438602904e-5 -1.83759346358785629e-21
0 1 1 3 1.50050893438602904e-5 -1.83759346358785629e-21
0 1 1 4 1.50050893438602904e-5 1.83759346358785629e-21
0 1 1 5 1.50050893438602904e-5 1.83759346358785629e-21
0 1 1 6 -9.18796731793928145e-22 1.50050893438602904e-5
0 1 1 7 2.58708854815897715e-21 1.40834541026316558e-5
0 1 1 8 2.58708854815897715e-21 1.40834541026316558e-5
0 1 1 9 -8.62362849386325904e-22 1.40834541026316558e-5
0 1 1 10 -8.62362849386325904e-22 1.40834541026316558e-5
0 1 1 11 -1.40834541026316558e-5 3.44945139754530361e-21
0 1 1 12 -1.40834541026316558e-5 0.00000000000000000e0
0 1 1 13 -1.40834541026316558e-5 0.00000000000000000e0
0 1 1 14 -1.40834541026316558e-5 -3.44945139754530361e-21
0 1 1 15 -8.62362849386325904e-22 -1.40834541026316558e-5
0 1 1 16 -8.62362849386325904e-22 -1.40834541026316558e-5
0 1 1 17 2.58708854815897715e-21 -1.40834541026316558e-5
0 1 1 18 2.58708854815897715e-21 -1.40834541026316558e-5
0 1 1 19 -4.04204799123204697e-21 -1.32023306443826196e-5
0 1 1 20 -8.08409598246409450e-22 -1.32023306443826196e-5
0 1 1 21 -8.08409598246409450e-22 -1.32023306443826196e-5
0 1 1 22 2.42522879473922788e-21 -1.32023306443826196e-5
0 1 1 23 2.42522879473922788e-21 1.32023306443826196e-5
0 1 1 24 -8.08409598246409450e-22 1.32023306443826196e-5
0 1 1 25 -8.08409598246409450e-22 1.32023306443826196e-5
0 1 1 26 -4.04204799123204697e-21 1.32023306443826196e-5
0 1 2 0 0.00000000000000000e0 0.00000000000000000e0
0 1 2 1 0.00000000000000000e0 0.00000000000000000e0
0 1 2 2 0.00000000000000000e0 0.00000000000000000e0
0 1 2 3 0.00000000000000000e0 0.00000000000000000e0
0 1 2 4 0.00000000000000000e0 0.00000000000000000e0
0 1 2 5 0.00000000000000000e0 0.00000000000000000e0
0 1 2 6 0.00000000000000000e0 0.00000000000000000e0
0 1 2 7 0.00000000000000000e0 0.00000000000000000e0
0 1 2 8 0.00000000000000000e0 0.00000000000000000e0
0 1 2 9 0.00000000000000000e0 0.00000000000000000e0
0 1 2 10 0.00000000000000000e0 0.00000000000000000e0
0 1 2 11 0.00000000000000000e0 0.00000000000000000e0
0 1 2 12 0.00000000000000000e0 0.00000000000000000e0
0 1 2 13 0.00000000000000000e0 0.00000000000000000e0
0 1 2 14 0.00000000000000000e0 0.00000000000000000e0
0 1 2 15 0.00000000000000000e0 0.00000000000000000e0
0 1 2 16 0.00000000000000000e0 0.00000000000000000e0
0 1 2 17 0.00000000000000000e0 0.00000000000000000e0
0 1 2 18 0.00000000000000000e0 0.00000000000000000e0
0 1 2 19 0.00000000000000000e0 0.00000000000000000e0
0 1 2 20 0.00000000000000000e0 0.00000000000000000e0
0 1 2 21 0.00000000000000000e0 0.00000000000000000e0
0 1 2 22 0.00000000000000000e0 0.00000000000000000e0
0 1 2 23 0.00000000000000000e0 0.00000000000000000e0
0 1 2 24 0.00000000000000000e0 0.00000000000000000e0
0 1 2 25 0.00000000000000000e0 0.00000000000000000e0
0 1 2 26 0.00000000000000000e0 0.00000000000000000e0
0 1 3 0 0.00000000000000000e0 0.00000000000000000e0
0 1 3 1 0.00000000000000000e0 0.00000000000000000e0
0 1 3 2 0.00000000000000000e0 0.00000000000000000e0
0 1 3 3 0.00000000000000000e0 0.00000000000000000e0
0 1 3 4 0.00000000000000000e0 0.00000000000000000e0
0 1 3 5 0.00000000000000000e0 0.00000000000000000e0
0 1 3 6 0.00000000000000000e0 0.00000000000000000e0
0 1 3 7 0.00000000000000000e0 0.00000000000000000e0
0 1 3 8 0.00000000000000000e0 0.00000000000000000e0
0 1 3 9 0.00000000000000000e0 0.00000000000000000e0
0 1 3 10 0.00000000000000000e0 0.00000000000000000e0
0 1 3 11 0.00000000000000000e0 0.00000000000000000e0
0 1 3 12 0.00000000000000000e0 0.00000000000000000e0
0 1 3 13 0.00000000000000000e0 0.00000000000000000e0
0 1 3 14 0.00000000000000000e0 0.00000000000000000e0
0 1 3 15 0.00000000000000000e0 0.00000000000000000e0
0 1 3 16 0.00000000000000000e0 0.00000000000000000e0
0 1 3 17 0.00000000000000000e0 0.00000000000000000e0
0 1 3 18 0.00000000000000000e0 0.00000000000000000e0
0 1 3 19 0.00000000000000000e0 0.00000000000000000e0
0 1 3 20 0.00000000000000000e0 0.00000000000000000e0
0 1 3 21 0.00000000000000000e0 0.00000000000000000e0
0 1 3 22 0.00000000000000000e0 0.00000000000000000e0
0 1 3 23 0.00000000000000000e0 0.00000000000000000e0
0 1 3 24 0.00000000000000000e0 0.00000000000000000e0
0 1 3 25 0.00000000000000000e0 0.00000000000000000e0
0 1 3 26 0.00000000000000000e0 0.00000000000000000e0
0 2 0 0 0.00000000000000000e0 0.00000000000000000e0
0 2 0 1 0.00000000000000000e0 0.00000000000000000e0
0 2 0 2 0.00000000000000000e0 0.00000000000000000e0
0 2 0 3 0.00000000000000000e0 0.00000000000000000e0
0 2 0 4 0.00000000000000000e0 0.00000000000000000e0
0 2 0 5 0.00000000000000000e0 0.00000000000000000e0
0 2 0 6 0.00000000000000000e0 0.00000000000000000e0
0 2 0 7 0.00000000000000000e0 0.00000000000000000e0
0 2 0 8 0.00000000000000000e0 0.00000000000000000e0
0 2 0 9 0.00000000000000000e0 0.00000000000000000e0
0 2 0 10 0.00000000000000000e0 0.00000000000000000e0
0 2 0 11 0.00000000000000000e0 0.00000000000000000e0
0 2 0 12 0.00000000000000000e0 0.00000000000000000e0
0 2 0 13 0.00000000000000000e0 0.00000000000000000e0
0 2 0 14 0.00000000000000000e0 0.00000000000000000e0
0 2 0 15 0.00000000000000000e0 0.00000000000000000e0
0 2 0 16 0.00000000000000000e0 0.00000000000000000e0
0 2 0 17 0.00000000000000000e0 0.00000000000000000e0
0 2 0 18 0.00000000000000000e0 0.00000000000000000e0
0 2 0 19 0.00000000000000000e0 0.00000000000000000e0
0 2 0 20 0.00000000000000000e0 0.00000000000000000e0
0 2 0 21 0.00000000000000000e0 0.00000000000000000e0
0 2 0 22 0.00000000000000000e0 0.00000000000000000e0
0 2 0 23 0.00000000000000000e0 0.00000000000000000e0
0 2 0 24 0.00000000000000000e0 0.00000000000000000e0
0 2 0 25 0.00000000000000000e0 0.00000000000000000e0
0 2 0 26 0.00000000000000000e0 0.00000000000000000e0
0 2 1 0 0.00000000000000000e0 0.00000000000000000e0
0 2 1 1 0.00000000000000000e0 0.00000000000000000e0
0 2 1 2 0.00000000000000000e0 0.00000000000000000e0
0 2 1 3 0.00000000000000000e0 0.00000000000000000e0
0 2 1 4 0.00000000000000000e0 0.00000000000000000e0
0 2 1 5 0.00000000000000000e0 0.00000000000000000e0
0 2 1 6 0.00000000000000000e0 0.00000000000000000e0
0 2 1 7 0.00000000000000000e0 0.00000000000000000e0
0 2 1 8 0.00000000000000000e0 0.00000000000000000e0
0 2 1 9 0.00000000000000000e0 0.00000000000000000e0
0 2 1 10 0.00000000000000000e0 0.00000000000000000e0
0 2 1 11 0.00000000000000000e0 0.00000000000000000e0
0 2 1 12 0.00000000000000000e0 0.00000000000000000e0
0 2 1 13 0.00000000000000000e0 0.00000000000000000e0
0 2 1 14 0.00000000000000000e0 0.00000000000000000e0
0 2 1 15 0.00000000000000000e0 0.00000000000000000e0
0 2 1 16 0.00000000000000000e0 0.00000000000000000e0
0 2 1 17 0.00000000000000000e0 0.00000000000000000e0
0 2 1 18 0.00000000000000000e0 0.00000000000000000e0
0 2 1 19 0.00000000000000000e0 0.00000000000000000e0
0 2 1 20 0.00000000000000000e0 0.00000000000000000e0
0 2 1 21 0.00000000000000000e0 0.00000000000000000e0
0 2 1 22 0.00000000000000000e0 0.00000000000000000e0
0 2 1 23 0.00000000000000000e0 0.00000000000000000e0
0 2 1 24 0.00000000000000000e0 0.00000000000000000e0
0 2 1 25 0.00000000000000000e0 0.00000000000000000e0
0 2 1 26 0.00000000000000000e0 0.00000000000000000e0
0 2 2 0 0.00000000000000000e0 0.00000000000000000e0
0 2 2 1 0.00000000000000000e0 0.00000000000000000e0
0 2 2 2 0.00000000000000000e0 0.00000000000000000e0
0 2 2 3 0.00000000000000000e0 0.00000000000000000e0
0 2 2 4 0.00000000000000000e0 0.00000000000000000e0
0 2 2 5 0.00000000000000000e0 0.00000000000000000e0
0 2 2 6 0.00000000000000000e0 0.00000000000000000e0
0 2 2 7 0.00000000000000000e0 0.00000000000000000e0
0 2 2 8 0.00000000000000000e0 0.00000000000000000e0
0 2 2 9 0.00000000000000000e0 0.00000000000000000e0
0 2 2 10 0.00000000000000000e0 0.00000000000000000e0
0 2 2 11 0.00000000000000000e0 0.00000000000000000e0
0 2 2 12 0.00000000000000000e0 0.00000000000000000e0
0 2 2 13 0.00000000000000000e0 0.00000000000000000e0
0 2 2 14 0.00000000000000000e0 0.00000000000000000e0
0 2 2 15 0.00000000000000000e0 0.00000000000000000e0
0 2 2 16 0.00000000000000000e0 0.00000000000000000e0
0 2 2 17 0.00000000000000000e0 0.00000000000000000e0
0 2 2 18 0.00000000000000000e0 0.00000000000000000e0
0 2 2 19 0.00000000000000000e0 0.00000000000000000e0
0 2 2 20 0.00000000000000000e0 0.00000000000000000e0
0 2 2 21 0.00000000000000000e0 0.00000000000000000e0
0 2 2 22 0.00000000000000000e0 0.00000000000000000e0
0 2 2 23 0.00000000000000000e0 0.00000000000000000e0
0 2 2 24 0.00000000000000000e0 0.00000000000000000e0
0 2 2 25 0.00000000000000000e0 0.00000000000000000e0
0 2 2 26 0.00000000000000000e0 0.00000000000000000e0
0 2 3 0 0.00000000000000000e0 0.00000000000000000e0
0 2 3 1 0.00000000000000000e0 0.00000000000000000e0
0 2 3 2 0.00000000000000000e0 0.00000000000000000e0
0 2 3 3 0.00000000000000000e0 0.00000000000000000e0
0 2 3 4 0.00000000000000000e0 0.00000000000000000e0
0 2 3 5 0.00000000000000000e0 0.00000000000000000e0
0 2 3 6 0.00000000000000000e0 0.00000000000000000e0
0 2 3 7 0.00000000000000000e0 0.00000000000000000e0
0 2 3 8 0.00000000000000000e0 0.00000000000000000e0
0 2 3 9 0.00000000000000000e0 0.00000000000000000e0
0 2 3 10 0.00000000000000000e0 0.00000000000000000e0
0 2 3 11 0.00000000000000000e0 0.00000000000000000e0
0 2 3 12 0.00000000000000000e0 0.00000000000000000e0
0 2 3 13 0.00000000000000000e0 0.00000000000000000e0
0 2 3 14 0.00000000000000000e0 0.00000000000000000e0
0 2 3 15 0.00000000000000000e0 0.00000000000000000e0
0 2 3 16 0.00000000000000000e0 0.00000000000000000e0
0 2 3 17 0.00000000000000000e0 0.00000000000000000e0
0 2 3 18 0.00000000000000000e0 0.00000000000000000e0
0 2 3 19 0.00000000000000000e0 0.00000000000000000e0
0 2 3 20 0.00000000000000000e0 0.00000000000000000e0
0 2 3 21 0.00000000000000000e0 0.00000000000000000e0
0 2 3 22 0.00000000000000000e0 0.00000000000000000e0
0 2 3 23 0.00000000000000000e0 0.00000000000000000e0
0 2 3 24 0.00000000000000000e0 0.00000000000000000e0
0 2 3 25 0.00000000000000000e0 0.00000000000000000e0
0 2 3 26 0.00000000000000000e0 0.00000000000000000e0
0 3 0 0 0.00000000000000000e0 0.00000000000000000e0
0 3 0 1 0.00000000000000000e0 0.00000000000000000e0
0 3 0 2 0.00000000000000000e0 0.00000000000000000e0
0 3 0 3 0.00000000000000000e0 0.00000000000000000e0
0 3 0 4 0.00000000000000000e0 0.00000000000000000e0
0 3 0 5 0.00000000000000000e0 0.00000000000000000e0
0 3 0 6 0.00000000000000000e0 0.00000000000000000e0
0 3 0 7 0.00000000000000000e0 0.00000000000000000e0
0 3 0 8 0.00000000000000000e0 0.00000000000000000e0
0 3 0 9 0.00000000000000000e0 0.00000000000000000e0
0 3 0 10 0.00000000000000000e0 0.00000000000000000e0
0 3 0 11 0.00000000000000000e0 0.00000000000000000e0
0 3 0 12 0.00000000000000000e0 0.00000000000000000e0
0 3 0 13 0.00000000000000000e0 0.00000000000000000e0
0 3 0 14 0.00000000000000000e0 0.00000000000000000e0
0 3 0 15 0.00000000000000000e0 0.00000000000000000e0
0 3 0 16 0.00000000000000000e0 0.00000000000000000e0
0 3 0 17 0.00000000000000000e0 0.00000000000000000e0
0 3 0 18 0.00000000000000000e0 0.00000000000000000e0
0 3 0 19 0.00000000000000000e0 0.00000000000000000e0
0 3 0 20 0.00000000000000000e0 0.00000000000000000e0
0 3 0 21 0.00000000000000000e0 0.00000000000000000e0
0 3 0 22 0.00000000000000000e0 0.00000000000000000e0
0 3 0 23 0.00000000000000000e0 0.00000000000000000e0
0 3 0 24 0.00000000000000000e0 0.00000000000000000e0
0 3 0 25 0.00000000000000000e0 0.00000000000000000e0
0 3 0 26 0.00000000000000000e0 0.00000000000000000e0
0 3 1 0 0.00000000000000000e0 0.00000000000000000e0
0 3 1 1 0.00000000000000000e0 0.00000000000000000e0
0 3 1 2 0.00000000000000000e0 0.00000000000000000e0
0 3 1 3 0.00000000000000000e0 0.00000000000000000e0
0 3 1 4 0.00000000000000000e0 0.00000000000000000e0
0 3 1 5 0.00000000000000000e0 0.00000000000000000e0
0 3 1 6 0.00000000000000000e0 0.00000000000000000e0
0 3 1 7 0.00000000000000000e0 0.00000000000000000e0
0 3 1 8 0.00000000000000000e0 0.00000000000000000e0
0 3 1 9 0.00000000000000000e0 0.00000000000000000e0
0 3 1 10 0.00000000000000000e0 0.00000000000000000e0
0 3 1 11 0.00000000000000000e0 0.00000000000000000e0
0 3 1 12 0.00000000000000000e0 0.00000000000000000e0
0 3 1 13 0.00000000000000000e0 0.00000000000000000e0
0 3 1 14 0.00000000000000000e0 0.00000000000000000e0
0 3 1 15 0.00000000000000000e0 0.00000000000000000e0
0 3 1 16 0.00000000000000000e0 0.00000000000000000e0
0 3 1 17 0.00000000000000000e0 0.00000000000000000e0
0 3 1 18 0.00000000000000000e0 0.00000000000000000e0
0 3 1 19 0.00000000000000000e0 0.00000000000000000e0
0 3 1 20 0.00000000000000000e0 0.00000000000000000e0
0 3 1 21 0.00000000000000000e0 0.00000000000000000e0
0 3 1 22 0.00000000000000000e0 0.00000000000000000e0
0 3 1 23 0.00000000000000000e0 0.00000000000000000e0
0 3 1 24 0.00000000000000000e0 0.00000000000000000e0
0 3 1 25 0.00000000000000000e0 0.00000000000000000e0
0 3 1 26 0.00000000000000000e0 0.00000000000000000e0
0 3 2 0 0.00000000000000000e0 0.00000000000000000e0
0 3 2 1 0.00000000000000000e0 0.00000000000000000e0
0 3 2 2 0.00000000000000000e0 0.00000000000000000e0
0 3 2 3 0.00000000000000000e0 0.00000000000000000e0
0 3 2 4 0.00000000000000000e0 0.00000000000000000e0
0 3 2 5 0.00000000000000000e0 0.00000000000000000e0
0 3 2 6 0.00000000000000000e0 0.00000000000000000e0
0 3 2 7 0.00000000000000000e0 0.00000000000000000e0
0 3 2 8 0.00000000000000000e0 0.00000000000000000e0
0 3 2 9 0.00000000000000000e0 0.00000000000000000e0
0 3 2 10 0.00000000000000000e0 0.00000000000000000e0
0 3 2 11 0.00000000000000000e0 0.00000000000000000e0
0 3 2 12 0.00000000000000000e0 0.00000000000000000e0
0 3 2 13 0.00000000000000000e0 0.00000000000000000e0
0 3 2 14 0.00000000000000000e0 0.00000000000000000e0
0 3 2 15 0.00000000000000000e0 0.00000000000000000e0
0 3 2 16 0.00000000000000000e0 0.00000000000000000e0
0 3 2 17 0.00000000000000000e0 0.00000000000000000e0
0 3 2 18 0.00000000000000000e0 0.00000000000000000e0
0 3 2 19 0.00000000000000000e0 0.00000000000000000e0
0 3 2 20 0.00000000000000000e0 0.00000000000000000e0
0 3 2 21 0.00000000000000000e0 0.00000000000000000e0
0 3 2 22 0.00000000000000000e0 0.00000000000000000e0
0 3 2 23 0.00000000000000000e0 0.00000000000000000e0
0 3 2 24 0.00000000000000000e0 0.00000000000000000e0
0 3 2 25 0.00000000000000000e0 0.00000000000000000e0
0 3 2 26 0.00000000000000000e0 0.00000000000000000e0
0 3 3 0 0.00000000000000000e0 0.00000000000000000e0
0 3 3 1 0.00000000000000000e0 0.00000000000000000e0
0 3 3 2 0.00000000000000000e0 0.00000000000000000e0
0 3 3 3 0.00000000000000000e0 0.00000000000000000e0
0 3 3 4 0.00000000000000000e0 0.00000000000000000e0
0 3 3 5 0.00000000000000000e0 0.00000000000000000e0
0 3 3 6 0.00000000000000000e0 0.00000000000000000e0
0 3 3 7 0.00000000000000000e0 0.00000000000000000e0
0 3 3 8 0.00000000000000000e0 0.00000000000000000e0
0 3 3 9 0.00000000000000000e0 0.00000000000000000e0
0 3 3 10 0.00000000000000000e0 0.00000000000000000e0
0 3 3 11 0.00000000000000000e0 0.00000000000000000e0
0 3 3 12 0.00000000000000000e0 0.00000000000000000e0
0 3 3 13 0.00000000000000000e0 0.00000000000000000e0
0 3 3 14 0.00000000000000000e0 0.00000000000000000e0
0 3 3 15 0.00000000000000000e0 0.00000000000000000e0
0 3 3 16 0.00000000000000000e0 0.00000000000000000e0
0 3 3 17 0.00000000000000000e0 0.00000000000000000e0
0 3 3 18 0.00000000000000000e0 0.00000000000000000e0
0 3 3 19 0.00000000000000000e0 0.00000000000000000e0
0 3 3 20 0.00000000000000000e0 0.00000000000000000e0
0 3 3 21 0.00000000000000000e0 0.00000000000000000e0
0 3 3 22 0.00000000000000000e0 0.00000000000000000e0
0 3 3 23 0.00000000000000000e0 0.00000000000000000e0
0 3 3 24 0.00000000000000000e0 0.00000000000000000e0
0 3 3 25 0.00000000000000000e0 0.00000000000000000e0
0 3 3 26 0.00000000000000000e0 0.00000000000000000e0
